2 0 	-568
2 1 	6063
2 2 	4311
2 3 	-8278
2 4 	-8726
2 5 	2113
2 6 	8046
2 7 	-8703
2 8 	-14282
1 0 	-12284
1 1 	-116
1 2 	-10402
1 3 	8241
1 4 	3823
3 0 	-11079
1 5 	-8696
3 1 	-13000
1 6 	26871
3 2 	1891
1 7 	3137
3 3 	1347
1 8 	6627
3 4 	11263
3 5 	-14172
3 6 	3766
3 7 	2706
3 8 	8185
4 0 	-19385
4 1 	-7246
0 0 	-1072
4 2 	3140
0 1 	4009
4 3 	9004
0 2 	1923
4 4 	-1117
0 3 	15393
4 5 	-3537
0 4 	-2297
4 6 	12575
0 5 	-14446
4 7 	2239
0 6 	19938
4 8 	1782
0 7 	-6808
0 8 	-139
5 0 	-15784
5 1 	-12968
5 2 	12439
5 3 	-18602
5 4 	-9790
5 5 	6473
5 6 	-13001
5 7 	-2242
5 8 	-4376
6 0 	-5809
6 1 	-12318
6 2 	13698
6 3 	2266
6 4 	-1590
6 5 	6362
6 6 	-32685
6 7 	792
6 8 	16871
7 0 	-1295
7 1 	-8550
7 2 	-5645
7 3 	7935
7 4 	4532
7 5 	918
7 6 	4340
7 7 	10813
7 8 	18925
8 0 	-8762
8 1 	10035
8 2 	7574
8 3 	-7029
8 4 	-16326
8 5 	12604
8 6 	4356
8 7 	-8712
8 8 	-16786
